   0.00,1317.00,2367.66, 139.39,1066.28,1549.58,1510.38,1136.88,2436.69,1085.62,1002.12,1956.46,1509.05,1792.88, 145.75,1079.71,2095.41,2329.89,1840.05,1339.91,1074.49,1070.61,1951.59,1939.04,1308.58
   0.00,   0.00,1869.31,1210.32,1385.03,1054.42, 934.42,1553.03,1940.57,1551.44,1389.01,1251.08,1028.35,2110.17,1299.20,1362.91,1410.49,1858.47,2139.38, 122.53, 934.85,1247.71,1251.78,2244.31,  94.45
   0.00,   0.00,   0.00,2332.91,1873.73,1083.09,1086.86,1929.89,  75.16,1971.46,1920.42,1313.76,1082.75,1344.59,2455.77,1863.26,1300.36,  99.52,1297.85,1830.13,1323.41,1862.20,1283.07,1322.54,1864.91
   0.00,   0.00,   0.00,   0.00, 996.72,1471.85,1432.13,1082.59,2403.51,1033.37,1057.38,1927.09,1433.39,1839.90, 188.23,1126.33,2070.96,2294.05,1882.50,1227.72,1039.30,1103.19,1922.20,1982.23,1196.42
   0.00,   0.00,   0.00,   0.00,   0.00, 931.60,1001.46, 170.63,1942.30, 182.02,1601.31,2063.05, 924.29,1694.55,1180.51,1639.75,2190.75,1801.28,1676.46,1316.11,1034.31,1634.72,2045.29,1743.81,1320.36
   0.00,   0.00,   0.00,   0.00,   0.00,   0.00, 151.23,1044.86,1156.71,1082.96,1551.01,1378.42,  55.40,1525.66,1631.54,1529.83,1485.99,1027.32,1501.85, 974.87, 722.33,1492.41,1355.87,1574.44,1008.24
   0.00,   0.00,   0.00,   0.00,   0.00,   0.00,   0.00,1126.42,1161.67,1158.32,1461.32,1243.56, 121.23,1525.45,1582.91,1434.10,1357.21,1043.19,1511.49, 862.98, 636.78,1387.49,1222.21,1591.31, 896.46
   0.00,   0.00,   0.00,   0.00,   0.00,   0.00,   0.00,   0.00,1995.67,  63.47,1679.82,2186.23,1039.43,1685.86,1259.75,1723.22,2308.74,1853.12,1661.85,1485.38,1146.01,1730.12,2167.44,1720.93,1489.58
   0.00,   0.00,   0.00,   0.00,   0.00,   0.00,   0.00,   0.00,   0.00,2037.58,1975.69,1355.17,1156.96,1369.53,2525.27,1917.62,1333.86, 148.73,1321.07,1902.14,1392.97,1918.62,1324.66,1340.58,1937.01
   0.00,   0.00,   0.00,   0.00,   0.00,   0.00,   0.00,   0.00,   0.00,   0.00,1655.51,2196.05,1075.17,1693.55,1208.89,1701.92,2320.12,1896.10,1672.99,1487.22,1148.39,1709.54,2177.85,1733.87,1489.33
   0.00,   0.00,   0.00,   0.00,   0.00,   0.00,   0.00,   0.00,   0.00,   0.00,   0.00,1258.66,1495.83,1251.56,1024.30, 102.13,1354.28,1919.65,1339.38,1453.62, 828.86, 204.81,1256.09,1452.32,1432.68
   0.00,   0.00,   0.00,   0.00,   0.00,   0.00,   0.00,   0.00,   0.00,   0.00,   0.00,   0.00,1340.27,1643.31,1971.29,1162.83, 162.12,1367.25,1689.85,1303.02,1067.01,1089.30,  31.40,1783.56,1314.29
   0.00,   0.00,   0.00,   0.00,   0.00,   0.00,   0.00,   0.00,   0.00,   0.00,   0.00,   0.00,   0.00,1489.03,1590.64,1474.44,1449.51,1029.36,1468.31, 953.28, 667.12,1437.23,1317.85,1543.56, 985.19
   0.00,   0.00,   0.00,   0.00,   0.00,   0.00,   0.00,   0.00,   0.00,   0.00,   0.00,   0.00,   0.00,   0.00,1902.18,1245.34,1658.33,1324.12, 110.83,2111.37,1182.07,1344.20,1619.76, 207.57,2118.07
   0.00,   0.00,   0.00,   0.00,   0.00,   0.00,   0.00,   0.00,   0.00,   0.00,   0.00,   0.00,   0.00,   0.00,   0.00,1099.70,2112.96,2421.65,1953.63,1331.58,1145.41,1078.63,1968.69,2055.13,1296.27
   0.00,   0.00,   0.00,   0.00,   0.00,   0.00,   0.00,   0.00,   0.00,   0.00,   0.00,   0.00,   0.00,   0.00,   0.00,   0.00,1255.98,1866.89,1333.43,1429.84, 809.76, 138.88,1160.74,1447.12,1410.57
   0.00,   0.00,   0.00,   0.00,   0.00,   0.00,   0.00,   0.00,   0.00,   0.00,   0.00,   0.00,   0.00,   0.00,   0.00,   0.00,   0.00,1363.22,1704.33,1460.26,1191.53,1193.39, 163.40,1792.38,1472.77
   0.00,   0.00,   0.00,   0.00,   0.00,   0.00,   0.00,   0.00,   0.00,   0.00,   0.00,   0.00,   0.00,   0.00,   0.00,   0.00,   0.00,   0.00,1272.02,1814.48,1299.41,1867.75,1336.36,1295.07,1849.50
   0.00,   0.00,   0.00,   0.00,   0.00,   0.00,   0.00,   0.00,   0.00,   0.00,   0.00,   0.00,   0.00,   0.00,   0.00,   0.00,   0.00,   0.00,   0.00,2134.47,1210.78,1428.02,1665.09, 116.04,2143.21
   0.00,   0.00,   0.00,   0.00,   0.00,   0.00,   0.00,   0.00,   0.00,   0.00,   0.00,   0.00,   0.00,   0.00,   0.00,   0.00,   0.00,   0.00,   0.00,   0.00, 935.04,1320.69,1301.29,2236.60,  49.20
   0.00,   0.00,   0.00,   0.00,   0.00,   0.00,   0.00,   0.00,   0.00,   0.00,   0.00,   0.00,   0.00,   0.00,   0.00,   0.00,   0.00,   0.00,   0.00,   0.00,   0.00, 779.04,1050.31,1317.01, 938.81
   0.00,   0.00,   0.00,   0.00,   0.00,   0.00,   0.00,   0.00,   0.00,   0.00,   0.00,   0.00,   0.00,   0.00,   0.00,   0.00,   0.00,   0.00,   0.00,   0.00,   0.00,   0.00,1089.39,1542.95,1300.12
   0.00,   0.00,   0.00,   0.00,   0.00,   0.00,   0.00,   0.00,   0.00,   0.00,   0.00,   0.00,   0.00,   0.00,   0.00,   0.00,   0.00,   0.00,   0.00,   0.00,   0.00,   0.00,   0.00,1758.29,1313.30
   0.00,   0.00,   0.00,   0.00,   0.00,   0.00,   0.00,   0.00,   0.00,   0.00,   0.00,   0.00,   0.00,   0.00,   0.00,   0.00,   0.00,   0.00,   0.00,   0.00,   0.00,   0.00,   0.00,   0.00,2246.39
   0.00,   0.00,   0.00,   0.00,   0.00,   0.00,   0.00,   0.00,   0.00,   0.00,   0.00,   0.00,   0.00,   0.00,   0.00,   0.00,   0.00,   0.00,   0.00,   0.00,   0.00,   0.00,   0.00,   0.00,   0.00
-------------------------------------------------------------------------------------------------------------------------------------------------------------------------------
   0.00, 182.02,1075.17,1085.62, 859.69,1208.89,2015.57, 805.89,1551.44, 824.47,  63.47,1675.72,1033.37,2107.17,1507.13,1487.22,1435.03,1502.33,1158.32,1489.33, 863.07,2161.15,1588.84,1428.20,1082.96
   0.00,   0.00, 924.29,1066.28, 704.11,1180.51,1862.04, 844.66,1385.03, 847.91, 170.63,1623.90, 996.72,1958.58,1457.62,1316.11,1317.63,1452.30,1001.46,1320.36, 869.88,2014.06,1469.27,1302.07, 931.60
   0.00,   0.00,   0.00,1509.05, 964.33,1590.64,1781.70,1679.21,1028.35,1639.21,1039.43,2155.67,1433.39,1915.92,2010.58, 953.28,1430.40,2013.26, 121.23, 985.19,1635.75,1969.28,1487.56,1318.94,  55.40
   0.00,   0.00,   0.00,   0.00,1074.74, 145.75,2099.80,1367.82,1317.00,1483.30,1136.88,1464.73, 139.39,2134.35,1285.23,1339.91,2079.30,1384.90,1510.38,1308.58,1461.28,2255.22,2259.84,2096.65,1549.58
   0.00,   0.00,   0.00,   0.00,   0.00,1112.67,1201.04, 984.28, 865.41, 977.32, 864.48,1193.47, 944.12,1286.48,1054.60, 785.59,1033.88,1050.84, 967.08, 783.68, 925.01,1363.71,1204.16,1043.33, 971.34
   0.00,   0.00,   0.00,   0.00,   0.00,   0.00,2072.70,1436.19,1299.20,1553.86,1259.75,1415.25, 188.23,2097.69,1242.28,1331.58,2124.97,1352.50,1582.91,1296.27,1524.09,2224.87,2307.24,2147.38,1631.54
   0.00,   0.00,   0.00,   0.00,   0.00,   0.00,   0.00,1827.63,1242.26,1771.13,2009.89,1402.45,1961.41, 162.82,1422.97,1173.62,1092.90,1370.97,1734.10,1179.77,1686.37, 201.05,1157.04,1138.76,1769.51
   0.00,   0.00,   0.00,   0.00,   0.00,   0.00,   0.00,   0.00,1836.86, 167.97, 830.63,1155.74,1288.21,1877.65,1033.82,1766.50,1270.01, 974.09,1740.15,1760.40, 186.38,1911.22,1464.41,1359.08,1676.42
   0.00,   0.00,   0.00,   0.00,   0.00,   0.00,   0.00,   0.00,   0.00,1841.57,1553.03,1683.54,1210.32,1318.82,1575.33, 122.53,1598.54,1619.00, 934.42,  94.45,1785.96,1438.63,1699.05,1555.62,1054.42
   0.00,   0.00,   0.00,   0.00,   0.00,   0.00,   0.00,   0.00,   0.00,   0.00, 836.93,1224.66,1396.89,1829.98,1114.62,1762.19,1133.01,1039.47,1703.43,1760.40,  99.13,1851.07,1321.81,1222.97,1631.02
   0.00,   0.00,   0.00,   0.00,   0.00,   0.00,   0.00,   0.00,   0.00,   0.00,   0.00,1711.41,1082.59,2105.44,1545.06,1485.38,1405.22,1536.43,1126.42,1489.58, 877.10,2156.04,1553.76,1392.89,1044.86
   0.00,   0.00,   0.00,   0.00,   0.00,   0.00,   0.00,   0.00,   0.00,   0.00,   0.00,   0.00,1361.09,1348.78, 187.62,1657.95,1627.91, 188.56,2151.22,1630.45,1134.11,1433.47,1823.98,1752.17,2164.51
   0.00,   0.00,   0.00,   0.00,   0.00,   0.00,   0.00,   0.00,   0.00,   0.00,   0.00,   0.00,   0.00,1996.90,1181.10,1227.72,1953.03,1276.90,1432.13,1196.42,1368.85,2116.78,2134.02,1972.24,1471.85
   0.00,   0.00,   0.00,   0.00,   0.00,   0.00,   0.00,   0.00,   0.00,   0.00,   0.00,   0.00,   0.00,   0.00,1387.47,1261.11,1215.20,1338.27,1866.98,1261.88,1741.12, 162.90,1287.80,1274.77,1906.21
   0.00,   0.00,   0.00,   0.00,   0.00,   0.00,   0.00,   0.00,   0.00,   0.00,   0.00,   0.00,   0.00,   0.00,   0.00,1550.11,1583.74, 147.53,2009.15,1522.15,1027.21,1478.36,1785.38,1697.57,2021.63
   0.00,   0.00,   0.00,   0.00,   0.00,   0.00,   0.00,   0.00,   0.00,   0.00,   0.00,   0.00,   0.00,   0.00,   0.00,   0.00,1481.68,1583.55, 862.98,  49.20,1707.35,1372.59,1579.54,1435.43, 974.87
   0.00,   0.00,   0.00,   0.00,   0.00,   0.00,   0.00,   0.00,   0.00,   0.00,   0.00,   0.00,   0.00,   0.00,   0.00,   0.00,   0.00,1483.58,1458.97,1504.98,1093.72,1159.73, 209.77, 171.97,1395.07
   0.00,   0.00,   0.00,   0.00,   0.00,   0.00,   0.00,   0.00,   0.00,   0.00,   0.00,   0.00,   0.00,   0.00,   0.00,   0.00,   0.00,   0.00,2016.09,1559.31, 948.30,1415.61,1684.69,1606.17,2020.33
   0.00,   0.00,   0.00,   0.00,   0.00,   0.00,   0.00,   0.00,   0.00,   0.00,   0.00,   0.00,   0.00,   0.00,   0.00,   0.00,   0.00,   0.00,   0.00, 896.46,1693.87,1925.33,1514.58,1347.78, 151.23
   0.00,   0.00,   0.00,   0.00,   0.00,   0.00,   0.00,   0.00,   0.00,   0.00,   0.00,   0.00,   0.00,   0.00,   0.00,   0.00,   0.00,   0.00,   0.00,   0.00,1704.47,1377.51,1607.46,1463.35,1008.24
   0.00,   0.00,   0.00,   0.00,   0.00,   0.00,   0.00,   0.00,   0.00,   0.00,   0.00,   0.00,   0.00,   0.00,   0.00,   0.00,   0.00,   0.00,   0.00,   0.00,   0.00,1764.25,1288.71,1190.84,1628.15
   0.00,   0.00,   0.00,   0.00,   0.00,   0.00,   0.00,   0.00,   0.00,   0.00,   0.00,   0.00,   0.00,   0.00,   0.00,   0.00,   0.00,   0.00,   0.00,   0.00,   0.00,   0.00,1214.11,1222.50,1955.25
   0.00,   0.00,   0.00,   0.00,   0.00,   0.00,   0.00,   0.00,   0.00,   0.00,   0.00,   0.00,   0.00,   0.00,   0.00,   0.00,   0.00,   0.00,   0.00,   0.00,   0.00,   0.00,   0.00, 179.42,1447.10
   0.00,   0.00,   0.00,   0.00,   0.00,   0.00,   0.00,   0.00,   0.00,   0.00,   0.00,   0.00,   0.00,   0.00,   0.00,   0.00,   0.00,   0.00,   0.00,   0.00,   0.00,   0.00,   0.00,   0.00,1279.96
   0.00,   0.00,   0.00,   0.00,   0.00,   0.00,   0.00,   0.00,   0.00,   0.00,   0.00,   0.00,   0.00,   0.00,   0.00,   0.00,   0.00,   0.00,   0.00,   0.00,   0.00,   0.00,   0.00,   0.00,   0.00
-------------------------------------------------------------------------------------------------------------------------------------------------------------------------------
   0.00,1444.38,1865.12,1806.26,1931.26,1117.42,1329.03,1137.86,1045.23,1877.06,2261.87,1662.61,  96.92,1064.76,2001.16,1355.84,1760.87,1254.92,1992.89,1477.47, 195.62,1289.81,2260.96,1787.99,2270.15,1465.40
   0.00,   0.00,2229.24,2206.29,1279.04,1166.25,1934.38,1807.41,1712.94,1245.95,1602.58,1173.62,1512.99,1720.48,1354.72,1789.54,1261.11,1105.31,2351.81,  49.20,1554.58,1868.54,1602.42,1372.59,1679.36, 122.53
   0.00,   0.00,   0.00, 165.05,1818.07,1081.14,1291.97,1299.56,1407.31,1792.95,1440.58,1766.48,1826.56,1290.89,1748.88,1342.67,1690.43,1144.73, 133.05,2222.99,1774.26,1301.37,1441.43,1741.55,1354.70,2205.07
   0.00,   0.00,   0.00,   0.00,1893.28,1058.02,1358.54,1160.29,1274.45,1865.71,1497.68,1678.87,1770.84,1158.46,1829.13,1415.85,1606.48,1148.21, 245.95,2202.84,1703.03,1365.13,1499.53,1644.85,1416.93,2191.05
   0.00,   0.00,   0.00,   0.00,   0.00,1181.94,1410.33,2205.39,2186.26,  54.43, 996.02,1845.99,1937.49,2124.36, 145.04,1198.31,1823.52, 973.72,1903.93,1243.17,2023.22,1357.96, 986.62,1978.31,1045.81,1168.40
   0.00,   0.00,   0.00,   0.00,   0.00,   0.00,1112.93,1024.21,1014.63,1138.48,1171.41,1069.05,1123.67, 945.05,1180.50,1044.45,1069.25, 214.18,1209.49,1165.61,1110.43,1066.39,1171.47,1166.85,1168.01,1148.50
   0.00,   0.00,   0.00,   0.00,   0.00,   0.00,   0.00,1703.11,1721.21,1369.62,1825.25,2176.46,1262.92,1642.41,1437.02, 220.24,2180.22,1112.73,1379.86,1933.69,1352.85,  67.54,1819.22,2269.72,1792.40,1873.45
   0.00,   0.00,   0.00,   0.00,   0.00,   0.00,   0.00,   0.00, 145.42,2161.32,2000.63,1175.38,1143.82,  93.35,2202.48,1758.95,1211.57,1234.73,1405.18,1828.85, 980.71,1682.46,2004.77,1167.33,1977.48,1852.37
   0.00,   0.00,   0.00,   0.00,   0.00,   0.00,   0.00,   0.00,   0.00,2140.97,2023.10,1124.51,1060.97, 116.56,2191.47,1767.99,1179.17,1224.61,1518.06,1737.09, 893.88,1696.16,2027.11,1134.56,2007.60,1763.40
   0.00,   0.00,   0.00,   0.00,   0.00,   0.00,   0.00,   0.00,   0.00,   0.00,1007.41,1817.29,1883.21,2079.73, 178.74,1157.84,1797.89, 931.95,1881.31,1211.28,1969.51,1316.18, 998.27,1951.43,1055.79,1135.83
   0.00,   0.00,   0.00,   0.00,   0.00,   0.00,   0.00,   0.00,   0.00,   0.00,   0.00,1473.37,2272.84,1946.12, 873.67,1682.78,1367.76,1011.17,1492.94,1567.30,2276.54,1788.62,  11.66,1514.20, 111.45,1546.52
   0.00,   0.00,   0.00,   0.00,   0.00,   0.00,   0.00,   0.00,   0.00,   0.00,   0.00,   0.00,1719.81,1130.93,1832.39,2107.12, 162.82,1134.07,1869.12,1179.77,1631.53,2129.33,1480.80, 201.05,1507.13,1242.26
   0.00,   0.00,   0.00,   0.00,   0.00,   0.00,   0.00,   0.00,   0.00,   0.00,   0.00,   0.00,   0.00,1073.12,2005.65,1301.73,1812.13,1262.27,1952.67,1544.39, 190.03,1226.73,2271.67,1840.42,2277.11,1528.64
   0.00,   0.00,   0.00,   0.00,   0.00,   0.00,   0.00,   0.00,   0.00,   0.00,   0.00,   0.00,   0.00,   0.00,2124.64,1691.15,1171.95,1156.31,1401.81,1741.97, 914.90,1619.10,1949.98,1137.24,1926.06,1764.03
   0.00,   0.00,   0.00,   0.00,   0.00,   0.00,   0.00,   0.00,   0.00,   0.00,   0.00,   0.00,   0.00,   0.00,   0.00,1230.98,1797.32, 968.34,1828.57,1317.73,2081.78,1388.17, 863.73,1953.29, 919.80,1248.99
   0.00,   0.00,   0.00,   0.00,   0.00,   0.00,   0.00,   0.00,   0.00,   0.00,   0.00,   0.00,   0.00,   0.00,   0.00,   0.00,2109.53,1006.11,1434.46,1785.05,1401.93, 173.06,1676.04,2211.27,1658.57,1719.52
   0.00,   0.00,   0.00,   0.00,   0.00,   0.00,   0.00,   0.00,   0.00,   0.00,   0.00,   0.00,   0.00,   0.00,   0.00,   0.00,   0.00,1122.71,1786.51,1261.88,1724.60,2135.16,1375.91, 162.90,1397.00,1318.82
   0.00,   0.00,   0.00,   0.00,   0.00,   0.00,   0.00,   0.00,   0.00,   0.00,   0.00,   0.00,   0.00,   0.00,   0.00,   0.00,   0.00,   0.00,1265.85,1096.31,1272.52,1062.09,1009.93,1241.83,1016.23,1068.38
   0.00,   0.00,   0.00,   0.00,   0.00,   0.00,   0.00,   0.00,   0.00,   0.00,   0.00,   0.00,   0.00,   0.00,   0.00,   0.00,   0.00,   0.00,   0.00,2344.51,1899.57,1393.35,1493.85,1835.44,1401.26,2326.39
   0.00,   0.00,   0.00,   0.00,   0.00,   0.00,   0.00,   0.00,   0.00,   0.00,   0.00,   0.00,   0.00,   0.00,   0.00,   0.00,   0.00,   0.00,   0.00,   0.00,1587.06,1867.79,1567.03,1377.51,1645.66,  94.45
   0.00,   0.00,   0.00,   0.00,   0.00,   0.00,   0.00,   0.00,   0.00,   0.00,   0.00,   0.00,   0.00,   0.00,   0.00,   0.00,   0.00,   0.00,   0.00,   0.00,   0.00,1319.83,2276.29,1738.60,2277.51,1581.11
   0.00,   0.00,   0.00,   0.00,   0.00,   0.00,   0.00,   0.00,   0.00,   0.00,   0.00,   0.00,   0.00,   0.00,   0.00,   0.00,   0.00,   0.00,   0.00,   0.00,   0.00,   0.00,1782.58,2226.55,1759.14,1807.08
   0.00,   0.00,   0.00,   0.00,   0.00,   0.00,   0.00,   0.00,   0.00,   0.00,   0.00,   0.00,   0.00,   0.00,   0.00,   0.00,   0.00,   0.00,   0.00,   0.00,   0.00,   0.00,   0.00,1522.61, 112.31,1545.57
   0.00,   0.00,   0.00,   0.00,   0.00,   0.00,   0.00,   0.00,   0.00,   0.00,   0.00,   0.00,   0.00,   0.00,   0.00,   0.00,   0.00,   0.00,   0.00,   0.00,   0.00,   0.00,   0.00,   0.00,1538.24,1438.63
   0.00,   0.00,   0.00,   0.00,   0.00,   0.00,   0.00,   0.00,   0.00,   0.00,   0.00,   0.00,   0.00,   0.00,   0.00,   0.00,   0.00,   0.00,   0.00,   0.00,   0.00,   0.00,   0.00,   0.00,   0.00,1624.35
   0.00,   0.00,   0.00,   0.00,   0.00,   0.00,   0.00,   0.00,   0.00,   0.00,   0.00,   0.00,   0.00,   0.00,   0.00,   0.00,   0.00,   0.00,   0.00,   0.00,   0.00,   0.00,   0.00,   0.00,   0.00,   0.00
-------------------------------------------------------------------------------------------------------------------------------------------------------------------------------
   0.00,1718.60,1422.97, 187.62,1592.54, 147.53,1387.47,1869.46,2027.73,1756.62,1331.64,1583.74,1478.36,1033.82, 873.26,1967.11,1288.86,1027.21,1502.69,1400.28,1114.62,1785.38,1379.50,1802.76,1697.57
   0.00,   0.00,2242.13,1657.41,1519.72,1585.06,2232.44,1089.81,1071.97, 115.50,1564.39,1779.52,2184.75,1480.54,1168.72,1039.29,1395.65,1405.29,1469.14,1525.99,1427.97,1898.46,1489.17, 112.45,1940.90
   0.00,   0.00,   0.00,1402.45,1309.25,1370.97, 162.82,1619.39,1787.46,2313.57,1843.65,1092.90, 201.05,1827.63,1124.70,1782.11,1860.11,1686.37,1259.07,1102.36,1771.13,1157.04,1926.14,2289.47,1138.76
   0.00,   0.00,   0.00,   0.00,1447.82, 188.56,1348.78,1773.80,1939.61,1687.92,1146.45,1627.91,1433.47,1155.74, 807.56,1865.48,1109.64,1134.11,1360.27,1264.92,1224.66,1823.98,1197.65,1733.70,1752.17
   0.00,   0.00,   0.00,   0.00,   0.00,1481.51,1217.16, 799.76, 998.14,1540.36, 961.02,1660.60,1145.45,2053.88, 936.26, 870.58, 958.33,1916.86,  94.35, 234.19,2001.90,1738.12, 995.05,1509.62,1808.18
   0.00,   0.00,   0.00,   0.00,   0.00,   0.00,1338.27,1727.11,1882.97,1626.08,1268.54,1483.58,1415.61, 974.09, 731.75,1824.23,1213.59, 948.30,1390.12,1291.54,1039.47,1684.69,1310.82,1668.42,1606.17
   0.00,   0.00,   0.00,   0.00,   0.00,   0.00,   0.00,1604.50,1783.07,2297.24,1725.50,1215.20, 162.90,1877.65,1106.28,1761.78,1753.30,1741.12,1169.68,1011.27,1829.98,1287.80,1812.98,2276.35,1274.77
   0.00,   0.00,   0.00,   0.00,   0.00,   0.00,   0.00,   0.00, 207.00,1141.54,1506.18,1413.11,1494.64,1901.26,1011.02, 170.23,1415.83,1743.70, 789.80, 862.01,1801.01,1450.83,1486.28,1062.69,1565.58
   0.00,   0.00,   0.00,   0.00,   0.00,   0.00,   0.00,   0.00,   0.00,1125.81,1675.58,1479.55,1668.34,1972.95,1168.51, 179.35,1576.02,1815.82, 992.74,1068.76,1864.04,1501.49,1646.20,1034.08,1626.36
   0.00,   0.00,   0.00,   0.00,   0.00,   0.00,   0.00,   0.00,   0.00,   0.00,1534.30,1885.40,2251.49,1558.82,1231.79,1079.17,1363.67,1491.12,1492.97,1557.86,1514.93,2005.75,1452.27, 109.65,2048.10
   0.00,   0.00,   0.00,   0.00,   0.00,   0.00,   0.00,   0.00,   0.00,   0.00,   0.00,2219.21,1741.34,2044.73,1175.24,1518.21, 175.06,1982.45, 931.56, 970.39,2067.59,2364.29, 121.92,1569.79,2377.03
   0.00,   0.00,   0.00,   0.00,   0.00,   0.00,   0.00,   0.00,   0.00,   0.00,   0.00,   0.00,1159.73,1270.01,1068.89,1565.51,2146.34,1093.72,1593.93,1492.11,1133.01, 209.77,2249.20,1843.45, 171.97
   0.00,   0.00,   0.00,   0.00,   0.00,   0.00,   0.00,   0.00,   0.00,   0.00,   0.00,   0.00,   0.00,1911.22,1096.16,1654.05,1763.05,1764.25,1103.65, 951.55,1851.07,1214.11,1823.23,2223.37,1222.50
   0.00,   0.00,   0.00,   0.00,   0.00,   0.00,   0.00,   0.00,   0.00,   0.00,   0.00,   0.00,   0.00,   0.00,1122.29,1990.26,1930.66, 186.38,1962.00,1883.76, 167.97,1464.41,2045.71,1590.44,1359.08
   0.00,   0.00,   0.00,   0.00,   0.00,   0.00,   0.00,   0.00,   0.00,   0.00,   0.00,   0.00,   0.00,   0.00,   0.00,1125.07,1090.38, 988.34, 843.53, 762.04,1077.77,1235.18,1198.33,1229.59,1230.30
   0.00,   0.00,   0.00,   0.00,   0.00,   0.00,   0.00,   0.00,   0.00,   0.00,   0.00,   0.00,   0.00,   0.00,   0.00,   0.00,1421.21,1839.60, 869.59, 964.08,1893.49,1603.44,1486.18, 995.87,1718.75
   0.00,   0.00,   0.00,   0.00,   0.00,   0.00,   0.00,   0.00,   0.00,   0.00,   0.00,   0.00,   0.00,   0.00,   0.00,   0.00,   0.00,1869.48, 920.94, 966.86,1951.16,2294.41, 117.86,1402.34,2308.19
   0.00,   0.00,   0.00,   0.00,   0.00,   0.00,   0.00,   0.00,   0.00,   0.00,   0.00,   0.00,   0.00,   0.00,   0.00,   0.00,   0.00,   0.00,1826.00,1746.26,  99.13,1288.71,1985.76,1511.89,1190.84
   0.00,   0.00,   0.00,   0.00,   0.00,   0.00,   0.00,   0.00,   0.00,   0.00,   0.00,   0.00,   0.00,   0.00,   0.00,   0.00,   0.00,   0.00,   0.00, 162.94,1911.70,1679.61, 967.03,1465.17,1743.58
   0.00,   0.00,   0.00,   0.00,   0.00,   0.00,   0.00,   0.00,   0.00,   0.00,   0.00,   0.00,   0.00,   0.00,   0.00,   0.00,   0.00,   0.00,   0.00,   0.00,1834.84,1583.28,1019.84,1533.03,1637.47
   0.00,   0.00,   0.00,   0.00,   0.00,   0.00,   0.00,   0.00,   0.00,   0.00,   0.00,   0.00,   0.00,   0.00,   0.00,   0.00,   0.00,   0.00,   0.00,   0.00,   0.00,1321.81,2067.75,1535.68,1222.97
   0.00,   0.00,   0.00,   0.00,   0.00,   0.00,   0.00,   0.00,   0.00,   0.00,   0.00,   0.00,   0.00,   0.00,   0.00,   0.00,   0.00,   0.00,   0.00,   0.00,   0.00,   0.00,2394.27,1954.80, 179.42
   0.00,   0.00,   0.00,   0.00,   0.00,   0.00,   0.00,   0.00,   0.00,   0.00,   0.00,   0.00,   0.00,   0.00,   0.00,   0.00,   0.00,   0.00,   0.00,   0.00,   0.00,   0.00,   0.00,1490.40,2410.26
   0.00,   0.00,   0.00,   0.00,   0.00,   0.00,   0.00,   0.00,   0.00,   0.00,   0.00,   0.00,   0.00,   0.00,   0.00,   0.00,   0.00,   0.00,   0.00,   0.00,   0.00,   0.00,   0.00,   0.00,2005.49
   0.00,   0.00,   0.00,   0.00,   0.00,   0.00,   0.00,   0.00,   0.00,   0.00,   0.00,   0.00,   0.00,   0.00,   0.00,   0.00,   0.00,   0.00,   0.00,   0.00,   0.00,   0.00,   0.00,   0.00,   0.00
-------------------------------------------------------------------------------------------------------------------------------------------------------------------------------
   0.00,1549.45,1062.40,1970.50,2013.47,2011.70,1232.72,1483.22,1132.25,1116.21, 938.82,1423.03,1128.29,1438.18,1575.19,1302.88,1218.03,1991.58,1972.96,1640.00, 134.30, 110.31,1119.16,1228.37,2075.56,1106.63
   0.00,   0.00,1852.99,1906.21,1915.92,1261.88,1171.95,1724.60,1743.40,1795.23, 938.99, 162.82,1287.80, 162.90,1760.87,1215.20,1274.77,1866.98,1261.11,1812.13,1563.02,1623.65,1179.17,1211.57,1318.82, 995.61
   0.00,   0.00,   0.00,1206.05,1246.34,1549.69,1595.67,1199.14, 225.03, 183.99, 915.49,1695.46,1363.29,1828.29,1154.85,1471.90,1312.17,1211.92,1500.79,1244.44,1118.62,1016.22,1503.42,1648.10,1593.35, 894.64
   0.00,   0.00,   0.00,   0.00,  55.40,1008.24,2263.01,1926.04,1156.27,1209.52,1319.05,1769.51,1447.10,1955.25,1798.74,1395.07,1279.96, 151.23, 974.87,1888.76,2059.02,1981.90,2209.00,2339.87,1054.42,1181.23
   0.00,   0.00,   0.00,   0.00,   0.00, 985.19,2280.31,1937.68,1189.44,1243.79,1344.83,1781.70,1487.56,1969.28,1807.08,1430.40,1318.94, 121.23, 953.28,1896.03,2100.48,2024.97,2228.68,2358.30,1028.35,1202.23
   0.00,   0.00,   0.00,   0.00,   0.00,   0.00,1741.97,1587.06,1381.09,1453.44,1082.06,1179.77,1607.46,1377.51,1477.47,1504.98,1463.35, 896.46,  49.20,1544.39,2056.01,2039.25,1737.09,1828.85,  94.45, 912.87
   0.00,   0.00,   0.00,   0.00,   0.00,   0.00,   0.00, 914.90,1470.90,1489.75,1018.17,1130.93,1830.01,1137.24,1064.76,1885.58,1849.85,2201.25,1720.48,1073.12,1150.49,1236.55, 116.56,  93.35,1764.03,1100.58
   0.00,   0.00,   0.00,   0.00,   0.00,   0.00,   0.00,   0.00,1022.19,1032.59,1124.90,1631.53,2072.32,1738.60, 195.62,2133.49,2034.67,1840.11,1554.58, 190.03,1429.42,1433.86, 893.88, 980.71,1581.11,1084.95
   0.00,   0.00,   0.00,   0.00,   0.00,   0.00,   0.00,   0.00,   0.00,  72.45, 813.99,1590.26,1413.44,1734.10, 960.59,1499.22,1348.80,1135.00,1332.52,1053.33,1174.11,1090.77,1388.49,1532.01,1417.51, 760.05
   0.00,   0.00,   0.00,   0.00,   0.00,   0.00,   0.00,   0.00,   0.00,   0.00, 861.80,1642.04,1442.69,1781.41, 977.38,1536.61,1384.27,1192.37,1404.88,1067.96,1156.42,1068.88,1404.56,1547.99,1489.52, 818.79
   0.00,   0.00,   0.00,   0.00,   0.00,   0.00,   0.00,   0.00,   0.00,   0.00,   0.00, 783.91, 979.66, 920.70,1132.61,1016.48, 936.85,1290.86,1045.82,1214.58, 976.99, 971.83, 951.03,1079.82,1144.39, 193.57
   0.00,   0.00,   0.00,   0.00,   0.00,   0.00,   0.00,   0.00,   0.00,   0.00,   0.00,   0.00,1157.04, 201.05,1662.61,1092.90,1138.76,1734.10,1173.62,1719.81,1443.57,1495.75,1124.51,1175.38,1242.26, 844.56
   0.00,   0.00,   0.00,   0.00,   0.00,   0.00,   0.00,   0.00,   0.00,   0.00,   0.00,   0.00,   0.00,1214.11,2079.05, 209.77, 179.42,1514.58,1579.54,2166.52,1243.71,1211.96,1751.85,1860.48,1699.05,1075.19
   0.00,   0.00,   0.00,   0.00,   0.00,   0.00,   0.00,   0.00,   0.00,   0.00,   0.00,   0.00,   0.00,   0.00,1787.99,1159.73,1222.50,1925.33,1372.59,1840.42,1451.09,1517.49,1134.56,1167.33,1438.63,1007.48
   0.00,   0.00,   0.00,   0.00,   0.00,   0.00,   0.00,   0.00,   0.00,   0.00,   0.00,   0.00,   0.00,   0.00,   0.00,2129.74,2025.31,1705.34,1444.38,  96.92,1535.38,1527.35,1045.23,1137.86,1465.40,1060.86
   0.00,   0.00,   0.00,   0.00,   0.00,   0.00,   0.00,   0.00,   0.00,   0.00,   0.00,   0.00,   0.00,   0.00,   0.00,   0.00, 171.97,1458.97,1481.68,2217.08,1411.93,1386.99,1817.13,1921.44,1598.54,1088.52
   0.00,   0.00,   0.00,   0.00,   0.00,   0.00,   0.00,   0.00,   0.00,   0.00,   0.00,   0.00,   0.00,   0.00,   0.00,   0.00,   0.00,1347.78,1435.43,2114.95,1332.06,1293.69,1775.59,1888.61,1555.62,1002.47
   0.00,   0.00,   0.00,   0.00,   0.00,   0.00,   0.00,   0.00,   0.00,   0.00,   0.00,   0.00,   0.00,   0.00,   0.00,   0.00,   0.00,   0.00, 862.98,1792.89,2072.52,2000.62,2152.94,2281.20, 934.42,1137.81
   0.00,   0.00,   0.00,   0.00,   0.00,   0.00,   0.00,   0.00,   0.00,   0.00,   0.00,   0.00,   0.00,   0.00,   0.00,   0.00,   0.00,   0.00,   0.00,1512.99,2017.88,1999.28,1712.94,1807.41, 122.53, 874.06
   0.00,   0.00,   0.00,   0.00,   0.00,   0.00,   0.00,   0.00,   0.00,   0.00,   0.00,   0.00,   0.00,   0.00,   0.00,   0.00,   0.00,   0.00,   0.00,   0.00,1594.20,1590.67,1060.97,1143.82,1528.64,1146.29
   0.00,   0.00,   0.00,   0.00,   0.00,   0.00,   0.00,   0.00,   0.00,   0.00,   0.00,   0.00,   0.00,   0.00,   0.00,   0.00,   0.00,   0.00,   0.00,   0.00,   0.00, 134.78,1036.33,1139.58,2116.13,1145.16
   0.00,   0.00,   0.00,   0.00,   0.00,   0.00,   0.00,   0.00,   0.00,   0.00,   0.00,   0.00,   0.00,   0.00,   0.00,   0.00,   0.00,   0.00,   0.00,   0.00,   0.00,   0.00,1121.04,1232.69,2100.07,1130.15
   0.00,   0.00,   0.00,   0.00,   0.00,   0.00,   0.00,   0.00,   0.00,   0.00,   0.00,   0.00,   0.00,   0.00,   0.00,   0.00,   0.00,   0.00,   0.00,   0.00,   0.00,   0.00,   0.00, 145.42,1763.40,1044.80
   0.00,   0.00,   0.00,   0.00,   0.00,   0.00,   0.00,   0.00,   0.00,   0.00,   0.00,   0.00,   0.00,   0.00,   0.00,   0.00,   0.00,   0.00,   0.00,   0.00,   0.00,   0.00,   0.00,   0.00,1852.37,1172.47
   0.00,   0.00,   0.00,   0.00,   0.00,   0.00,   0.00,   0.00,   0.00,   0.00,   0.00,   0.00,   0.00,   0.00,   0.00,   0.00,   0.00,   0.00,   0.00,   0.00,   0.00,   0.00,   0.00,   0.00,   0.00, 971.44
   0.00,   0.00,   0.00,   0.00,   0.00,   0.00,   0.00,   0.00,   0.00,   0.00,   0.00,   0.00,   0.00,   0.00,   0.00,   0.00,   0.00,   0.00,   0.00,   0.00,   0.00,   0.00,   0.00,   0.00,   0.00,   0.00
-------------------------------------------------------------------------------------------------------------------------------------------------------------------------------
